1.000000000000000021e-02 1.409999999999999920e+00 1.241488450075337369e+00
1.064119999999999996e-02 1.409999999999999920e+00 1.260013321844752676e+00
1.132350000000000023e-02 1.409999999999999920e+00 1.275728798247916407e+00
1.204949999999999945e-02 1.409999999999999920e+00 1.290435328250455704e+00
1.282209999999999947e-02 1.409999999999999920e+00 1.305577753081933468e+00
1.364420000000000043e-02 1.409999999999999920e+00 1.315295666219951531e+00
1.451900000000000066e-02 1.409999999999999920e+00 1.321461447664701527e+00
1.545000000000000019e-02 1.409999999999999920e+00 1.325356726614941527e+00
1.644059999999999966e-02 1.409999999999999920e+00 1.338569723900711939e+00
1.749469999999999845e-02 1.409999999999999920e+00 1.342964285424499193e+00
1.861650000000000110e-02 1.409999999999999920e+00 1.353786153016180993e+00
1.981010000000000063e-02 1.409999999999999920e+00 1.356491426961675018e+00
2.108029999999999973e-02 1.409999999999999920e+00 1.363029569054551526e+00
2.243190000000000114e-02 1.409999999999999920e+00 1.362351714770312805e+00
2.387020000000000114e-02 1.409999999999999920e+00 1.374710008214755863e+00
2.540069999999999828e-02 1.409999999999999920e+00 1.366792634489513603e+00
2.702929999999999916e-02 1.409999999999999920e+00 1.382816562827837714e+00
2.876240000000000047e-02 1.409999999999999920e+00 1.394754280960273540e+00
3.060660000000000117e-02 1.176884758006765619e+00 1.411864752310050264e+00
3.256900000000000073e-02 1.194270150690008192e+00 1.406586840121448301e+00
3.465719999999999912e-02 1.204374140487029177e+00 1.389333333122337644e+00
3.687939999999999968e-02 1.238902666758153526e+00 1.411793234538351705e+00
3.924400000000000110e-02 1.281719892440626118e+00 1.441648393391135707e+00
4.176030000000000020e-02 1.316767671007419427e+00 1.457344309602155885e+00
4.443779999999999952e-02 1.383757115530767745e+00 1.516655186642846376e+00
4.728709999999999858e-02 1.403906637051466566e+00 1.518786384038947057e+00
5.031900000000000261e-02 1.437268712864926412e+00 1.541885962086808393e+00
5.354539999999999994e-02 1.450596708803690404e+00 1.517885541963202689e+00
5.697859999999999731e-02 1.492065178172181872e+00 1.549706764187689378e+00
6.063190000000000246e-02 1.692010784563997117e+00 1.755938938636219859e+00
6.451949999999999352e-02 1.741556206518359406e+00 1.780828842330679729e+00
6.865630000000000344e-02 1.852207375367108666e+00 1.903021791316156452e+00
7.305839999999999557e-02 2.132991986814063878e+00 2.177060199981815103e+00
7.774280000000000079e-02 2.459625437081001564e+00 2.499846134880881809e+00
8.272749999999999548e-02 3.185592840404892101e+00 3.218691938552525222e+00
8.803179999999999339e-02 3.666661770793091524e+00 3.690546151145090548e+00
9.367620000000000113e-02 3.297166822323397195e+00 3.330790375130876502e+00
9.968249999999999333e-02 2.752083384295137769e+00 2.768174402983662574e+00
1.060740000000000016e-01 2.544196886275201130e+00 2.564219071791348448e+00
1.128750000000000031e-01 2.561928407792902984e+00 2.595327363802349740e+00
1.201119999999999965e-01 1.828716827383466637e+00 1.852876648619920408e+00
1.278140000000000109e-01 1.847291238556244775e+00 1.860356145333759814e+00
1.360089999999999910e-01 1.677414259713912337e+00 1.686250622875081762e+00
1.447299999999999975e-01 1.583845637371671167e+00 1.600246420823100424e+00
1.540090000000000070e-01 1.672042869264500409e+00 1.683084657580342869e+00
1.638840000000000019e-01 1.756364761327782631e+00 1.766849323527501792e+00
1.743919999999999915e-01 1.612691236381910365e+00 1.624086534230853029e+00
1.855729999999999880e-01 2.030257429414399351e+00 2.043721898282106153e+00
1.974720000000000086e-01 2.205162862285527492e+00 2.215281460402685809e+00
2.101339999999999875e-01 2.463425716709453983e+00 2.476525624214013011e+00
2.236070000000000002e-01 2.554200028027587610e+00 2.563202244005943431e+00
2.379439999999999888e-01 2.730920412185001478e+00 2.740293168754988073e+00
2.531999999999999806e-01 2.262719236888183882e+00 2.270031496071807542e+00
2.694349999999999801e-01 1.905029858940227250e+00 1.913145284093050513e+00
2.867109999999999936e-01 2.077062938515526369e+00 2.084231788366109228e+00
3.050939999999999763e-01 2.281665723634833221e+00 2.287813100275463363e+00
3.246560000000000001e-01 2.613662623807787355e+00 2.621063150594155289e+00
3.454720000000000013e-01 2.988543079424933246e+00 2.996967898893099669e+00
3.676229999999999776e-01 3.269138739136141503e+00 3.278339424121858858e+00
3.911939999999999862e-01 3.282704671882270109e+00 3.289320064766400709e+00
4.162770000000000081e-01 3.379387677926810163e+00 3.385861214563251398e+00
4.429669999999999996e-01 3.471211518943170482e+00 3.477791477649863516e+00
4.713689999999999825e-01 4.218616517529023113e+00 4.225292412027544131e+00
5.015929999999999556e-01 3.834946389154356705e+00 3.841891669852871338e+00
5.337539999999999507e-01 3.272214695397442252e+00 3.277076304179404431e+00
5.679769999999999541e-01 3.797128096606057213e+00 3.803041661636338944e+00
6.043939999999999868e-01 4.033033172173919212e+00 4.038218513830893031e+00
6.431459999999999955e-01 4.818401698303230063e+00 4.824124520301627861e+00
6.843839999999999923e-01 4.702503565376710881e+00 4.707866278508753055e+00
7.282650000000000512e-01 5.253227839988058534e+00 5.258537545871751817e+00
7.749589999999999534e-01 4.590588680186614035e+00 4.595092686637893387e+00
8.246480000000000476e-01 4.534460242769450034e+00 4.538852343244982102e+00
8.775230000000000530e-01 4.741616235495246023e+00 4.745551637056400374e+00
9.337879999999999514e-01 3.685241629059829105e+00 3.688057583295363706e+00
9.936599999999999877e-01 3.347283469682568846e+00 3.350132569086320622e+00
1.057369999999999921e+00 2.839576855409763123e+00 2.841656477922421153e+00
1.125170000000000003e+00 3.140377975135191235e+00 3.142414383148928181e+00
1.197310000000000096e+00 3.526905076734911493e+00 3.529221777291661866e+00
1.274080000000000101e+00 3.796001431760494871e+00 3.798273961048491021e+00
1.355769999999999920e+00 3.391611445336002895e+00 3.393597036163082503e+00
1.442700000000000093e+00 2.696735251341631390e+00 2.698067388311618853e+00
1.535199999999999898e+00 1.875949103883218561e+00 1.876811071740612569e+00
1.633639999999999981e+00 1.464509943558239158e+00 1.465192903828153925e+00
1.738380000000000036e+00 1.392768582907177422e+00 1.393413565321460101e+00
1.849839999999999929e+00 1.462854908119126440e+00 1.463401495744618863e+00
1.968450000000000033e+00 1.769558988515897768e+00 1.770248014132534520e+00
2.094660000000000188e+00 1.669352364439875558e+00 1.669953959841198321e+00
2.228969999999999896e+00 1.248163993919620296e+00 1.248588607120217686e+00
2.371879999999999988e+00 1.049178841374371673e+00 1.049509778254326564e+00
2.523960000000000203e+00 8.362682398231950920e-01 8.365111042471004010e-01
2.685799999999999965e+00 5.921026568089976516e-01 5.922470778465959151e-01
2.858000000000000096e+00 5.803459707686342561e-01 5.804973006915736811e-01
3.041249999999999787e+00 5.686836874625204041e-01 5.688276948213346618e-01
3.236250000000000071e+00 5.374987333612732954e-01 5.376251156506041129e-01
3.443750000000000089e+00 4.920898709219422296e-01 4.921924661491210440e-01
3.664559999999999818e+00 4.642301192000267140e-01 4.643241469489961526e-01
3.899519999999999875e+00 3.790328361760241238e-01 3.791081583612054828e-01
4.149549999999999628e+00 3.126835484661517617e-01 3.127378033868589702e-01
4.415610000000000035e+00 3.056665774283208181e-01 3.057180631910874635e-01
4.698730000000000295e+00 2.974705849719042061e-01 2.975182655185905078e-01
5.000000000000000000e+00 2.703205580316486722e-01 2.703597914264492252e-01
5.320590000000000153e+00 2.285967658962842763e-01 2.286266960217508415e-01
5.661730000000000373e+00 1.779096422866213445e-01 1.779321794147585567e-01
6.024750000000000050e+00 1.496976026190401654e-01 1.497170376800922020e-01
6.411039999999999850e+00 1.735260516822202115e-01 1.735462056957119137e-01
6.822110000000000340e+00 1.670972261788023216e-01 1.671164200428940094e-01
7.259520000000000195e+00 1.584071368940277169e-01 1.584238204010859630e-01
7.724990000000000023e+00 1.133330615366535121e-01 1.133441045207329856e-01
8.220299999999999940e+00 7.066075870026640449e-02 7.066730055818791489e-02
8.747370000000000090e+00 5.819421153432699501e-02 5.819852917870632636e-02
9.308230000000000004e+00 4.893335954169348440e-02 4.893608805901947939e-02
9.905049999999999244e+00 4.101366618952063253e-02 4.101585967303539304e-02
1.000000000000000000e+01 3.991188599164426781e-02 3.991389514709651337e-02
